0.19607843137254902
0.19607843137254902
0.34509803921568627
0.35294117647058826
0.34509803921568627
0.42745098039215684
0.3215686274509804
0.2627450980392157
0.3137254901960784
0.32941176470588235
0.2
0.29411764705882354
0.33725490196078434
0.3568627450980392
0.26666666666666666
0.2
0.4235294117647059
0.25098039215686274
0.2196078431372549
0.33725490196078434
0.3568627450980392
0.36470588235294116
0.2823529411764706
0.12156862745098039
0.3137254901960784
0.35294117647058826
0.3568627450980392
0.34901960784313724
0.2627450980392157
0.396078431372549
0.28627450980392155
0.36470588235294116
0.36470588235294116
0.40784313725490196
0.3254901960784314
0.34901960784313724
0.25882352941176473
0.3058823529411765
0.29411764705882354
0.3215686274509804
0.3333333333333333
0.23529411764705882
0.30980392156862746
0.34509803921568627
0.29411764705882354
0.2784313725490196
0.32941176470588235
0.3333333333333333
0.3254901960784314
0.27058823529411763
0.3568627450980392
0.34509803921568627
0.2784313725490196
0.396078431372549
0.3843137254901961
0.24705882352941178
0.3843137254901961
0.28627450980392155
0.33725490196078434
0.29411764705882354
0.2980392156862745
0.3254901960784314
0.28627450980392155
0.33725490196078434
0.3176470588235294
0.37254901960784315
0.2901960784313726
0.30980392156862746
0.3254901960784314
0.39215686274509803
0.40784313725490196
0.45098039215686275
0.4235294117647059
0.4549019607843137
0.4627450980392157
0.4235294117647059
0.41568627450980394
0.4
0.41568627450980394
0.4235294117647059
0.4235294117647059
0.3764705882352941
0.3843137254901961
0.40784313725490196
0.38823529411764707
0.3686274509803922
0.2823529411764706
0.25098039215686274
0.3411764705882353
0.23529411764705882
0.36470588235294116
0.2901960784313726
0.27450980392156865
0.28627450980392155
0.16862745098039217
0.10980392156862745
0.10980392156862745
0.12549019607843137
0.12549019607843137
0.12941176470588237
0.12156862745098039
0.11764705882352941
0.15294117647058825
0.1568627450980392
0.1450980392156863
0.1411764705882353
0.14901960784313725
0.25098039215686274
0.2627450980392157
0.3568627450980392
0.22745098039215686
0.2627450980392157
0.21176470588235294
0.18823529411764706
0.1411764705882353
0.1607843137254902
0.16470588235294117
0.14901960784313725
0.19215686274509805
0.19215686274509805
0.17647058823529413
0.2
0.2196078431372549
0.2196078431372549
0.27450980392156865
0.24313725490196078
0.33725490196078434
0.3058823529411765
0.28627450980392155
0.29411764705882354
0.3254901960784314
0.13725490196078433
0.17254901960784313
0.19215686274509805
0.2627450980392157
0.25098039215686274
0.2901960784313726
0.24313725490196078
0.2235294117647059
0.3137254901960784
0.3411764705882353
0.2901960784313726
0.3568627450980392
0.3411764705882353
0.3568627450980392
0.2627450980392157
0.32941176470588235
0.396078431372549
0.3176470588235294
0.34901960784313724
0.2901960784313726
0.3058823529411765
0.29411764705882354
0.28627450980392155
0.3333333333333333
0.30980392156862746
0.33725490196078434
0.39215686274509803
0.27058823529411763
0.3607843137254902
0.3215686274509804
0.28627450980392155
0.3607843137254902
0.3568627450980392
0.33725490196078434
0.3333333333333333
0.2784313725490196
0.2784313725490196
0.4
0.27450980392156865
0.2784313725490196
0.3137254901960784
0.2823529411764706
0.2823529411764706
0.3058823529411765
0.33725490196078434
0.3333333333333333
0.35294117647058826
0.3058823529411765
0.35294117647058826
0.32941176470588235
0.2980392156862745
0.27058823529411763
0.30980392156862746
