1831174591
206676471
5820473
4326534
3434423
4200879
3768515
3274654
2585969
2690882
5044107
7795210
26554838
26671875
4792527881
777840974
21186314
29530626
44332225
17431683
13113208
10184599
42768391
6388814260
123325240
31161222
20165743
14371066
14949030
11083686
13142376
9189911
7773090
5522851
6092633
5105740
5808248
3567095
3263269
3052909
1920927
2061460
2383957
1653344
948762
1432715
1446315
881889
983653
1272658
850113
728256
1383267
865197
987787
1285452
907090
1246250
939294
997840
1069975
1065058
1044046
1060727
1138840
760547
961345
900255
1144882
2402375
12597789
43468829
75473998
592323202
1524361128
2310352139
3480832934
6989052793
6084500210
7492945794
5910712329
5936432001
7579831708
6985976047
9072335573
9331233500
9046495809
3736086424
238850520
74056601
18169642
22410971
18511894
19432373
151468042
764554089
1033597266
782388025
1395956808
1978386355
6231484412
5268510540
1962115904
886794060
889150895
367790176
303723759
49600366
20857270
10707643
12213453
10588609
12692422
101369643
333361104
696409644
1166898434
623356719
1090021446
945955814
245315806
242867320
209630295
100399782
70487262
33571039
11339134
7559717
7923131
6835158
7003271
32122766
37416358
18150103
6571698
6519263
3701000
2844252
2110158
1291440
1173010
922111
855401
1066397
1179850
1422860
1154216
918330
1235341
838529
981117
1295811
986937
1454841
1051532
1051500
849456
962980
849428
1063355
1114872
1452843
1319755
1141173
1157032
888061
1252582
1280720
723988
1271589
1254169
833288
1028581
1422325
1240121
1375792
1163560
1006279
1236399
1196129
1075321
1125252
987289
1386780
